%:------------------------------------------------------------------------- 
% Function for producing a colormap palette for topography. The first color
% is blue. 
% 
% Example:
%   cmap = CmapTopo;
%   colormap(cmap) 
% 
% Last edited: 18.April.2018, Torgeir
%:------------------------------------------------------------------------- 
function cmap = CmapTopo

cmap = [0.2734    0.5078    0.7031;...
             0    0.4078    0.2157;...
             0    0.4408    0.2304;...
             0    0.4726    0.2458;...
             0    0.5032    0.2615;...
             0    0.5327    0.2775;...
        0.0144    0.5610    0.2934;...
        0.0845    0.5881    0.3091;...
        0.1397    0.6142    0.3243;...
        0.1897    0.6392    0.3387;...
        0.2374    0.6631    0.3522;...
        0.2838    0.6860    0.3644;...
        0.3292    0.7079    0.3750;...
        0.3737    0.7290    0.3839;...
        0.4174    0.7492    0.3907;...
        0.4601    0.7686    0.3955;...
        0.5017    0.7871    0.3991;...
        0.5421    0.8048    0.4022;...
        0.5811    0.8216    0.4056;...
        0.6186    0.8375    0.4100;...
        0.6545    0.8524    0.4164;...
        0.6887    0.8665    0.4256;...
        0.7214    0.8799    0.4383;...
        0.7532    0.8931    0.4552;...
        0.7841    0.9063    0.4770;...
        0.8146    0.9199    0.5043;...
        0.8449    0.9343    0.5377;...
        0.8751    0.9495    0.5772;...
        0.9045    0.9649    0.6203;...
        0.9320    0.9791    0.6627;...
        0.9566    0.9907    0.7006;...
        0.9776    0.9985    0.7299;...
        0.9939    1.0000    0.7466;...
        1.0000    0.9972    0.7469;...
        1.0000    0.9867    0.7308;...
        1.0000    0.9707    0.7020;...
        1.0000    0.9502    0.6643;...
        1.0000    0.9264    0.6217;...
        0.9995    0.9003    0.5781;...
        0.9954    0.8729    0.5374;...
        0.9929    0.8448    0.5020;...
        0.9918    0.8158    0.4717;...
        0.9917    0.7857    0.4454;...
        0.9920    0.7542    0.4224;...
        0.9924    0.7211    0.4016;...
        0.9922    0.6860    0.3823;...
        0.9911    0.6487    0.3635;...
        0.9886    0.6096    0.3449;...
        0.9845    0.5691    0.3265;...
        0.9787    0.5276    0.3080;...
        0.9710    0.4857    0.2894;...
        0.9613    0.4440    0.2705;...
        0.9496    0.4030    0.2510;...
        0.9357    0.3630    0.2314;...
        0.9198    0.3241    0.2121;...
        0.9019    0.2862    0.1938;...
        0.8819    0.2492    0.1768;...
        0.8598    0.2130    0.1619;...
        0.8357    0.1777    0.1495;...
        0.8095    0.1432    0.1401;...
        0.7813    0.1092    0.1342;...
        0.7510    0.0757    0.1320;...
        0.7185    0.0422    0.1336;...
        0.6839    0.0145    0.1393;...
        0.6471    0.0000    0.1490];


